1 7 7 7 7 7 7 7 7 7 7 7 7 7 7 1
6 5 5 5 5 5 5 5 5 5 5 5 5 5 5 6
6 5 5 5 5 5 5 5 5 5 5 5 5 5 5 6
6 5 5 5 5 5 5 5 5 5 5 5 5 5 5 6
6 5 1 7 7 7 7 5 5 5 5 5 5 5 5 6
6 5 5 5 5 5 5 6 5 5 5 5 5 5 5 6
6 5 5 5 5 5 5 6 5 5 5 5 5 5 5 6
6 5 5 5 5 5 5 6 5 5 1 7 7 7 7 1
6 5 1 7 1 5 5 6 5 5 5 5 5 5 5 6
6 5 6 5 6 5 5 1 5 5 5 1 5 5 5 6
6 5 6 5 1 5 5 5 5 5 5 6 5 1 5 6
6 5 6 5 5 5 1 7 7 7 7 1 5 6 5 6
6 5 6 5 5 5 5 5 5 5 5 5 5 6 5 6
6 5 1 5 5 5 5 5 5 1 7 7 7 1 5 6
6 5 5 5 5 5 5 5 5 5 5 5 5 5 5 6
1 7 7 7 7 7 7 7 7 7 7 7 7 7 7 1